Found: 79
clk (288880, 380800)
mem_addr[0] (290000, 520000)
mem_addr[1] (290000, 560000)
mem_addr[2] (290000, 590000)
mem_addr[3] (290000, 550000)
mem_addr[4] (280000, 590000)
mem_addr[5] (280000, 560000)
mem_addr[6] (280000, 520000)
mem_addr[7] (280000, 550000)
mem_rdata[0] (450000, 560000)
mem_rdata[10] (450000, 550000)
mem_rdata[11] (450000, 590000)
mem_rdata[12] (450000, 520000)
mem_rdata[13] (460000, 560000)
mem_rdata[14] (460000, 550000)
mem_rdata[15] (460000, 520000)
mem_rdata[16] (460000, 590000)
mem_rdata[17] (470000, 550000)
mem_rdata[18] (470000, 520000)
mem_rdata[19] (470000, 560000)
mem_rdata[1] (470000, 590000)
mem_rdata[20] (480000, 560000)
mem_rdata[21] (480000, 590000)
mem_rdata[22] (480000, 520000)
mem_rdata[23] (480000, 550000)
mem_rdata[24] (490000, 560000)
mem_rdata[25] (490000, 590000)
mem_rdata[26] (490000, 550000)
mem_rdata[27] (490000, 520000)
mem_rdata[28] (500000, 550000)
mem_rdata[29] (500000, 590000)
mem_rdata[2] (500000, 560000)
mem_rdata[30] (500000, 520000)
mem_rdata[31] (510000, 520000)
mem_rdata[3] (510000, 590000)
mem_rdata[4] (510000, 550000)
mem_rdata[5] (510000, 560000)
mem_rdata[6] (520000, 550000)
mem_rdata[7] (520000, 520000)
mem_rdata[8] (520000, 560000)
mem_rdata[9] (520000, 590000)
mem_ready (140000, 560000)
mem_valid (140000, 590000)
mem_wdata[0] (300000, 560000)
mem_wdata[10] (350000, 590000)
mem_wdata[11] (340000, 550000)
mem_wdata[12] (350000, 560000)
mem_wdata[13] (350000, 550000)
mem_wdata[14] (350000, 520000)
mem_wdata[15] (300000, 550000)
mem_wdata[16] (320000, 550000)
mem_wdata[17] (300000, 520000)
mem_wdata[18] (340000, 590000)
mem_wdata[19] (330000, 590000)
mem_wdata[1] (300000, 590000)
mem_wdata[20] (340000, 560000)
mem_wdata[21] (310000, 590000)
mem_wdata[22] (330000, 550000)
mem_wdata[23] (310000, 560000)
mem_wdata[24] (310000, 520000)
mem_wdata[25] (310000, 550000)
mem_wdata[26] (330000, 560000)
mem_wdata[27] (320000, 560000)
mem_wdata[28] (320000, 520000)
mem_wdata[29] (320000, 590000)
mem_wdata[2] (330000, 520000)
mem_wdata[30] (340000, 520000)
mem_wdata[31] (360000, 550000)
mem_wdata[3] (360000, 560000)
mem_wdata[4] (360000, 520000)
mem_wdata[5] (360000, 590000)
mem_wdata[6] (370000, 550000)
mem_wdata[7] (370000, 520000)
mem_wdata[8] (370000, 560000)
mem_wdata[9] (370000, 590000)
mem_wstrb[0] (140000, 520000)
mem_wstrb[1] (140000, 550000)
mem_wstrb[2] (130000, 560000)
mem_wstrb[3] (130000, 590000)
