clk0 (288880,219200)
addr0[0] (290000,80000)
addr0[1] (290000,40000)
addr0[2] (290000,10000)
addr0[3] (290000,50000)
addr0[4] (280000,10000)
addr0[5] (280000,40000)
addr0[6] (280000,80000)
addr0[7] (280000,50000)
dout0[0] (450000,40000)
dout0[10] (450000,50000)
dout0[11] (450000,10000)
dout0[12] (450000,80000)
dout0[13] (460000,40000)
dout0[14] (460000,50000)
dout0[15] (460000,80000)
dout0[16] (460000,10000)
dout0[17] (470000,50000)
dout0[18] (470000,80000)
dout0[19] (470000,40000)
dout0[1] (470000,10000)
dout0[20] (480000,40000)
dout0[21] (480000,10000)
dout0[22] (480000,80000)
dout0[23] (480000,50000)
dout0[24] (490000,40000)
dout0[25] (490000,10000)
dout0[26] (490000,50000)
dout0[27] (490000,80000)
dout0[28] (500000,50000)
dout0[29] (500000,10000)
dout0[2] (500000,40000)
dout0[30] (500000,80000)
dout0[31] (510000,80000)
dout0[3] (510000,10000)
dout0[4] (510000,50000)
dout0[5] (510000,40000)
dout0[6] (520000,50000)
dout0[7] (520000,80000)
dout0[8] (520000,40000)
dout0[9] (520000,10000)
web0 (140000,40000)
csb0 (140000,10000)
din0[0] (300000,40000)
din0[10] (350000,10000)
din0[11] (340000,50000)
din0[12] (350000,40000)
din0[13] (350000,50000)
din0[14] (350000,80000)
din0[15] (300000,50000)
din0[16] (320000,50000)
din0[17] (300000,80000)
din0[18] (340000,10000)
din0[19] (330000,10000)
din0[1] (300000,10000)
din0[20] (340000,40000)
din0[21] (310000,10000)
din0[22] (330000,50000)
din0[23] (310000,40000)
din0[24] (310000,80000)
din0[25] (310000,50000)
din0[26] (330000,40000)
din0[27] (320000,40000)
din0[28] (320000,80000)
din0[29] (320000,10000)
din0[2] (330000,80000)
din0[30] (340000,80000)
din0[31] (360000,50000)
din0[3] (360000,40000)
din0[4] (360000,80000)
din0[5] (360000,10000)
din0[6] (370000,50000)
din0[7] (370000,80000)
din0[8] (370000,40000)
din0[9] (370000,10000)
wmask0[0] (140000,80000)
wmask0[1] (140000,50000)
wmask0[2] (130000,40000)
wmask0[3] (130000,10000)
